3.015939e-01
9.985259e-03
1.158384e-01
6.653497e-03
-1.411363e-01
1.728842e-01
9.269448e-02
-7.131720e-02
3.297488e-02
-2.396056e-02
-6.263503e-02
-7.233081e-03
2.253645e-02
9.120883e-02
4.355411e-03
-3.993844e-02
3.264977e-02
-3.872860e-02
-4.187323e-02
1.183492e-01
-1.645548e-02
8.157743e-02
8.824850e-02
-1.920054e-01
-1.247026e-01
1.973513e-02
3.425820e-03
1.368034e-01
8.739443e-03
-9.612152e-02
1.468044e-02
-1.622278e-01
-8.652606e-03
1.845478e-01
-1.015281e-01
-3.831747e-02
1.360024e-01
-3.361264e-02
4.651451e-02
-2.350140e-01
3.778995e-02
9.552237e-02
-6.383237e-02
5.429109e-02
-3.686019e-02
-2.729457e-02
5.477328e-02
1.269952e-01
-8.854010e-02
2.364517e-02
4.152268e-02
-6.688950e-02
-1.329142e-01
-9.016257e-02
2.471451e-01
-1.528181e-02
-3.996465e-02
8.068161e-02
-8.471006e-02
-7.433456e-02
4.746094e-02
-5.642453e-02
1.770448e-01
4.776963e-03
-8.740368e-02
7.371294e-02
-9.001419e-02
-1.828696e-01
1.103105e-01
4.559443e-02
1.588374e-01
-4.904367e-02
1.238674e-02
-2.119733e-01
1.834488e-01
1.611795e-03
9.279518e-02
-1.109576e-01
-6.130379e-02
6.978546e-02
-1.586177e-01
2.230463e-02
4.967662e-02
3.638088e-02
-1.130881e-02
-3.229053e-02
1.242332e-01
-1.209824e-01
1.090265e-02
1.972742e-01
-4.760350e-02
5.487441e-02
-6.159207e-02
-7.513938e-02
-1.202504e-02
-7.874803e-05
7.879079e-02
2.185950e-02
6.423759e-02
6.401230e-03
-9.351879e-03
-9.768495e-02
-2.458054e-03
1.184845e-02
4.435682e-02
2.077293e-02
-7.240853e-02
-7.865434e-02
-9.467448e-02
-1.568473e-01
-7.786087e-02
5.293498e-01
-8.786873e-02
-2.153424e-01
1.349685e-01
-1.246361e-01
-1.862552e-01
3.200076e-01
1.144143e-02
-1.179549e-01
2.686982e-01
-5.934145e-03
-4.865002e-02
-3.279545e-01
2.581891e-01
8.834175e-02
6.852861e-02
-8.677863e-02
-1.261426e-02
-6.614533e-02
-1.429733e-01
2.349411e-01
-5.997751e-02
3.347051e-02
-4.170453e-02
-4.721822e-03
-1.318404e-01
-5.759701e-02
1.356515e-01
-4.443873e-02
6.043725e-02
-2.058471e-02
-4.548980e-02
-6.619804e-02
-3.238187e-02
7.242503e-02
-3.718419e-02
-6.736042e-02
9.177134e-02
5.160298e-02
-2.127912e-01
-1.309584e-01
3.397920e-01
-1.103818e-01
1.116042e-01
5.667003e-02
3.117560e-02
-1.027990e-01
-1.656940e-01
2.532341e-01
-3.823409e-02
3.627648e-02
-2.674768e-02
1.443135e-02
-1.809061e-01
-5.206440e-02
2.067752e-01
8.768514e-02
4.327204e-02
-6.303610e-03
-8.802857e-02
-1.702731e-01
-5.196435e-02
1.613394e-01
4.648646e-03
1.919225e-01
1.000958e-01
-1.693057e-01
-1.520125e-01
-5.259034e-02
3.461908e-01
2.152437e-03
-2.705425e-02
-7.344486e-02
-2.058480e-02
-1.220487e-01
-1.648207e-01
2.057213e-01
4.786003e-02
-7.377844e-02
5.086749e-02
2.805331e-02
-1.999000e-01
-9.864585e-02
2.557823e-01
-1.342063e-01
3.322834e-02
3.173719e-02
1.035795e-01
-2.283745e-01
-9.960874e-03
2.284523e-01
-9.014808e-03
1.099579e-01
3.982480e-02
5.763177e-03
-2.548124e-01
-2.851878e-01
3.033949e-01
3.629943e-03
9.607862e-02
-7.581177e-02
-6.278372e-02
-4.774601e-02
-4.775938e-02
1.327898e-01
-5.085669e-03
4.716808e-02
-2.574010e-02
-3.655546e-03
3.281951e-02
3.607704e-02
8.202829e-02
-1.808451e-01
-2.002862e-01
-6.515132e-02
1.217023e-01
-3.150453e-02
-4.151017e-02
1.745584e-01
-7.871305e-03
-1.387862e-02
-1.559162e-03
3.123971e-02
-6.361603e-02
-8.130351e-03
1.887174e-01
1.532106e-01
1.225562e-01
-6.550145e-02
-9.557108e-02
-2.021100e-01
-2.130007e-03
2.391053e-01
-1.601666e-01
-6.101572e-02
5.353721e-02
-1.151677e-02
-2.468807e-01
-7.769040e-02
1.874835e-01
9.637311e-02
-4.903130e-02
-2.275031e-03
6.006635e-03
-9.825829e-02
-1.550265e-02
2.294988e-01
-7.031340e-02
1.236000e-01
8.151444e-02
-1.410989e-01
-2.233460e-01
4.543686e-02
1.585040e-01
4.258660e-02
9.097569e-02
-6.969706e-02
1.067829e-01
-1.887079e-01
-1.510401e-01
2.337737e-01
6.905896e-02
1.270299e-02
-9.579311e-02
6.722334e-02
-1.710199e-01
-1.541734e-01
3.664112e-01
-1.751787e-02
-4.763914e-02
-3.385438e-02
5.387624e-02
-2.309304e-01
-3.776791e-02
2.971664e-01
-2.941361e-02
-2.174089e-02
4.639368e-02
2.403705e-02
-1.722146e-01
-1.927495e-01
1.838901e-01
-4.637550e-02
-3.610498e-03
-4.523999e-02
-8.601742e-02
-7.252158e-02
1.998815e-02
2.014768e-01
3.081462e-03
1.241295e-02
-5.590933e-02
-1.306546e-01
1.321544e-02
-4.028123e-01
2.906305e-01
1.160866e-01
2.337325e-01
-1.540500e-01
1.187453e-01
-1.602201e-01
-3.819942e-02
1.436686e-01
8.001450e-02
8.504226e-02
2.686544e-03
4.076870e-03
-1.740123e-01
-9.311554e-02
3.171931e-01
6.719707e-02
-5.541341e-02
-2.885108e-02
-7.237016e-02
-1.583742e-01
-5.401933e-02
2.334188e-01
5.985689e-03
-1.050410e-01
9.485379e-02
-5.416041e-02
1.903988e-02
-7.824220e-02
1.392892e-01
6.263921e-02
-1.252650e-02
3.519510e-02
-7.830470e-02
-5.072222e-02
-5.168885e-02
1.872578e-04
2.217532e-02
5.367285e-02
1.912261e-02
-8.968716e-02
-1.434894e-01
-1.931667e-02
1.841418e-01
-4.510849e-02
-5.440836e-02
1.315191e-01
-2.044515e-01
-2.974390e-01
-9.769963e-02
1.001175e-01
-4.753726e-02
-2.607829e-01
4.437507e-01
2.795689e-01
-2.777801e-01
-1.153287e-01
2.007840e-01
1.463033e-01
-2.124632e-01
2.740833e-01
-4.829469e-02
-7.361564e-03
-1.578422e-01
6.471353e-02
2.951759e-01
-1.112172e-01
1.487883e-01
-4.106298e-02
-1.705317e-01
4.511043e-03
2.079625e-01
2.155169e-02
-2.922198e-02
-8.154324e-02
3.886022e-02
-1.196682e-01
-8.259757e-02
9.196711e-02
2.937524e-02
6.703748e-02
2.203229e-02
-9.297450e-05
-1.327140e-01
-5.230774e-03
7.772674e-02
-6.473453e-02
-1.070761e-02
1.295818e-02
-5.348555e-03
-1.153130e-01
-3.385999e-02
8.099801e-03
3.888773e-02
-8.898703e-03
4.070477e-02
1.614436e-01
-1.598914e-01
-1.124672e-01
7.964021e-02
-2.962771e-04
1.014708e-01
-2.426030e-02
-8.296901e-02
-5.545743e-02
1.514635e-02
1.311189e-01
-3.634663e-02
1.212907e-02
-1.157193e-02
1.692981e-01
-2.012783e-01
-1.388493e-01
2.197599e-01
2.226628e-02
-1.309897e-01
1.213195e-01
5.623079e-02
-1.668529e-01
-3.155983e-01
3.804005e-01
7.407081e-02
1.073534e-01
8.502831e-02
-2.025132e-01
7.573548e-02
-5.125298e-01
6.428333e-01
-9.613287e-02
6.079601e-03
1.396059e-02
-1.333167e-01
4.916472e-02
-5.143158e-01
4.805679e-01
1.428400e-02
-1.448226e-01
7.310344e-02
-1.208125e-02
-1.329701e-01
-5.853495e-02
-3.370555e-01
4.731602e-01
-7.119167e-02
-3.899857e-02
2.307859e-01
3.641221e-02
-6.708134e-02
1.717178e-01
-3.072113e-01
2.631159e-02
1.503949e-01
-5.563426e-02
-3.658116e-01
-2.405229e-02
4.859912e-01
5.225609e-02
-9.481654e-02
-5.926498e-02
-1.327641e-01
4.757751e-02
-3.873958e-01
-1.054022e-01
6.044678e-01
-2.434415e-01
1.680554e-01
2.605838e-01
-4.322371e-02
-1.548514e-01
2.415618e-01
-7.250228e-02
1.259635e-01
-1.827843e-01
2.880072e-02
-6.582866e-01
4.494636e-01
3.591540e-01
-2.038002e-01
-2.136397e-01
1.975424e-01
-8.611785e-01
3.620172e-01
-2.417700e-02
7.140242e-01
-1.775039e-01
3.803056e-02
-1.663198e-01
2.762650e-02
1.172164e-01
-2.386205e-01
1.728310e-01
-4.928032e-02
2.112100e-01
-2.282929e-01
-4.123228e-02
-5.533823e-02
-1.131397e-01
3.088931e-01
8.719772e-02
-1.349627e-01
-3.188556e-01
1.441924e-01
-1.100342e-01
-4.275996e-01
4.253689e-01
2.501335e-01
-1.334308e-01
-2.526121e-02
3.014459e-01
-1.496397e-01
-1.374187e-01
-1.226524e-01
6.458850e-02
2.463039e-01
-8.999282e-02
-3.655007e-02
-3.544069e-01
1.811195e-01
4.347408e-01
-6.206956e-02
-8.472732e-02
-1.128912e-01
2.736045e-02
-1.348711e-01
-1.525259e-01
4.732728e-01
-3.406589e-02
-1.259408e-02
-4.666109e-02
2.788437e-02
-1.907822e-01
-2.685314e-01
4.155603e-01
1.765165e-02
1.063018e-01
6.641326e-02
-4.324446e-02
-2.370405e-01
-4.459199e-02
1.245271e-01
1.759561e-01
1.345698e-01
1.070142e-03
-1.572756e-01
-2.273627e-01
-3.075614e-01
3.638083e-01
-2.907596e-03
2.062067e-01
-3.651062e-02
-4.904669e-02
-2.382470e-01
-1.231643e-01
2.461786e-01
2.865201e-02
8.443534e-02
6.820456e-03
-9.777807e-02
-2.229917e-01
-6.937527e-02
2.507999e-01
3.005719e-02
2.586711e-02
4.716513e-02
-1.471807e-01
-2.313867e-01
-6.090581e-02
3.631875e-01
3.187832e-02
2.167949e-01
-5.171757e-02
1.454144e-01
-4.656617e-01
-6.773052e-02
1.596545e-01
-6.456945e-02
9.084975e-02
-1.122881e-01
1.194089e-02
-1.540663e-01
-9.943529e-02
3.031376e-01
3.741700e-03
3.073838e-02
-4.220566e-02
-6.036121e-02
-1.714201e-01
2.695258e-02
2.355148e-01
2.788998e-02
-8.871579e-03
6.319408e-04
-9.221811e-02
-3.065463e-02
-3.534294e-01
5.275621e-01
-1.526769e-01
1.910286e-01
6.615923e-02
-1.205781e-01
-1.565841e-01
-1.449836e-01
4.840321e-01
-1.222993e-01
1.789780e-02
-6.852006e-02
-5.862777e-02
-1.725463e-01
-1.147468e-02
2.684076e-01
-1.121284e-02
5.125597e-02
2.940757e-02
8.463398e-02
-3.335536e-01
-1.048577e-01
4.146232e-01
2.710652e-01
-2.129247e-01
-1.245724e-01
-1.316695e-01
-9.804332e-02
2.053601e-03
3.771759e-01
-5.286155e-02
-1.151203e-01
-4.819776e-02
1.983762e-03
-3.928837e-01
4.703882e-02
3.323945e-01
1.397665e-01
-8.319464e-02
-1.153783e-01
-5.945424e-02
-3.192546e-01
-4.349511e-01
6.445182e-01
4.955541e-02
-3.127965e-03
-5.593227e-02
2.053032e-01
-2.096721e-01
-1.153905e-01
3.648364e-01
-4.127370e-02
1.007537e-01
-1.485724e-01
8.152389e-02
-9.436053e-02
-4.392974e-02
1.811335e-01
-5.338953e-02
-5.948398e-02
9.706802e-02
-7.517857e-02
-7.509789e-02
-2.955627e-01
2.496030e-01
1.415541e-01
2.300588e-02
-9.829002e-02
1.607693e-03
-1.477644e-01
-6.436571e-02
1.997242e-01
4.720155e-03
-2.982770e-02
-2.345348e-02
-2.186852e-02
-9.061595e-02
4.357577e-02
1.190419e-01
8.531583e-02
-5.561665e-02
1.862929e-01
-1.281809e-01
-7.729191e-02
-7.248247e-02
1.737129e-01
-1.383644e-01
4.073262e-02
-3.635123e-02
6.099831e-02
-2.131170e-01
-4.468582e-03
3.058031e-01
-3.121494e-04
-7.437890e-04
4.117320e-02
1.747656e-01
-2.666472e-01
-1.477795e-01
2.135983e-01
2.282959e-02
2.198132e-01
-1.264102e-01
-1.008361e-01
-1.662708e-01
-9.992341e-02
1.863991e-01
4.177545e-02
2.458259e-01
-6.338921e-02
-2.082029e-01
-1.065255e-01
-1.914199e-01
2.154082e-01
8.542938e-02
1.116319e-01
4.195067e-02
-4.862166e-02
-1.508771e-01
-2.032200e-01
2.256847e-01
-3.469175e-02
-8.841501e-02
-2.512571e-01
-2.076124e-01
1.308848e-01
-3.650856e-02
1.602986e-01
1.472873e-01
4.168222e-02
-5.115659e-02
-3.463160e-02
7.012053e-02
-7.246196e-02
2.208629e-01
-7.362676e-03
-2.657338e-02
2.388150e-01
4.965136e-02
-2.470696e-01
-6.008738e-02
1.765239e-01
1.018867e-02
8.072812e-02
3.414966e-02
-4.559502e-02
-2.591961e-01
2.733464e-02
2.038566e-01
-1.790851e-03
-1.136538e-01
-2.936883e-02
-9.003906e-03
-1.488946e-01
-8.140435e-02
2.135679e-01
5.041649e-02
-4.289995e-02
2.307160e-03
-1.045554e-01
-9.461208e-02
-6.729506e-02
2.887245e-01
-4.263829e-02
-2.266333e-02
-5.449443e-02
1.400036e-01
-1.240015e-01
-3.973504e-01
2.783183e-01
2.026520e-01
7.823581e-02
7.102589e-02
-5.807066e-02
-1.383363e-01
-2.394493e-01
2.750422e-01
3.310626e-02
1.812812e-02
-4.555297e-02
1.873408e-02
-1.444155e-01
-2.081930e-01
2.715988e-01
-1.731550e-03
-4.591737e-02
8.410675e-02
3.036716e-02
-1.852631e-01
-1.772049e-01
2.736607e-01
7.966039e-02
2.002489e-02
-9.807246e-03
-6.790293e-02
-5.202929e-02
-3.956058e-02
1.897022e-01
-9.802612e-04
-1.556357e-01
1.069548e-01
-1.613778e-02
-8.016575e-02
-2.472429e-01
2.124176e-01
1.375934e-01
-3.617637e-02
1.769846e-01
-1.376733e-01
2.261937e-02
-1.658745e-01
1.382101e-01
-3.945602e-02
1.195543e-02
5.491009e-02
-1.272023e-02
-1.282885e-01
9.064093e-02
-3.766018e-03
-1.824270e-02
-3.135441e-02
3.292485e-03
-8.455934e-02
4.942563e-02
-3.839861e-01
2.754022e-01
1.322551e-01
8.504406e-02
7.119067e-02
-2.668028e-02
-1.744684e-01
-2.002964e-02
2.471023e-01
7.501828e-03
7.105494e-02
-6.256293e-02
-3.882346e-02
-8.782293e-02
9.947516e-03
1.666108e-01
-3.099604e-02
-1.370200e-02
-6.369450e-02
-4.147658e-02
-9.165200e-02
3.458841e-02
8.164155e-02
6.404080e-02
-2.982690e-02
8.827965e-03
-3.126121e-02
-2.750982e-01
-2.186064e-01
4.685942e-01
-3.316275e-03
-1.253878e-02
1.184224e-02
1.913790e-03
-4.732933e-02
-3.235112e-02
5.397424e-02
3.266402e-02
-1.042291e-01
3.804958e-02
7.183252e-02
-2.296760e-01
-2.705652e-01
3.830914e-01
7.825104e-02
8.482549e-03
-7.754694e-02
8.113972e-02
-2.274068e-01
2.517892e-02
1.729400e-01
-1.114511e-01
1.695396e-01
8.330533e-03
-4.987039e-02
-1.584405e-01
-1.318634e-01
1.810355e-01
7.451182e-03
-5.378222e-02
2.257866e-02
1.069019e-01
-1.503279e-01
1.072534e-03
1.274557e-01
-2.208819e-02
-2.689624e-02
8.989955e-02
-2.298339e-03
-1.091557e-01
-1.130695e-01
1.133786e-01
9.286301e-02
6.450109e-02
-1.355914e-02
-1.031768e-02
-1.409779e-01
1.938146e-02
6.799082e-02
5.339675e-02
1.036134e-01
4.633724e-02
-9.211108e-02
-9.767042e-02
-4.698006e-02
1.462924e-01
1.140965e-01
-9.195821e-02
-6.481094e-02
1.120932e-01
-5.282759e-02
-1.305357e-01
4.598950e-02
6.455860e-02
6.307233e-02
-1.698113e-02
-1.440598e-01
-6.849369e-02
-5.016005e-02
1.766300e-01
2.716880e-02
-8.569785e-02
-3.097591e-02
2.379489e-02
-7.926511e-02
-1.257918e-01
1.931281e-01
9.721114e-02
-7.117444e-02
-5.406505e-03
5.499320e-02
-6.223510e-02
-1.640789e-01
1.948810e-01
5.220897e-02
1.769204e-02
-6.049722e-03
-5.463959e-02
-3.032878e-02
-1.668995e-01
1.709457e-01
2.285795e-02
6.123088e-03
-7.138539e-02
2.567489e-02
-1.065122e-01
-2.739739e-02
1.115929e-01
2.915741e-02
5.871130e-02
-2.190816e-02
2.894461e-02
-8.079969e-02
-5.905155e-03
1.692128e-02
-3.392666e-02
-3.458300e-02
8.147596e-02
-1.187660e-01
-4.422451e-02
-4.875248e-02
6.986904e-02
5.420555e-02
-7.124104e-02
1.528494e-01
-1.436648e-01
-2.267422e-02
-8.908703e-02
2.025298e-01
-1.493471e-02
-1.043457e-02
8.609028e-02
3.370619e-02
-8.785458e-02
-1.985253e-01
1.687524e-01
1.860694e-02
1.033881e-03
2.364674e-02
-2.483112e-03
-5.824120e-02
-5.069887e-02
1.049921e-01
1.874816e-02
1.236051e-01
3.578853e-02
-9.912298e-02
-7.871908e-02
-2.009884e-02
3.568897e-02
6.888013e-02
2.229228e-02
-6.003639e-02
9.193137e-02
-1.646932e-01
-1.665091e-02
7.032975e-02
1.288771e-02
1.950167e-01
-7.203417e-02
-1.007073e-04
6.680742e-02
-1.769480e-01
1.226162e-01
-4.297071e-02
1.512002e-01
2.220946e-01
-2.928740e-01
-1.611030e-01
-1.611652e-01
2.011544e-01
4.276263e-02
-2.922343e-02
-5.660986e-03
-1.686804e-02
-1.242354e-03
-1.243674e-01
2.573099e-01
4.559239e-03
-9.594237e-02
-7.241764e-02
7.871263e-02
-9.346119e-02
-1.516757e-01
1.332458e-01
1.061554e-01
-8.399772e-02
-5.610497e-02
1.436045e-02
-1.456354e-01
1.092501e-02
-1.599557e-01
2.299898e-01
-3.836055e-02
-5.254280e-02
7.654031e-02
-1.985334e-01
1.181877e-01
1.223130e-01
-4.152923e-02
9.749024e-02
-1.611646e-01
1.223048e-02
-9.141355e-02
-5.746027e-02
2.781146e-01
2.728138e-02
2.089642e-02
-3.980463e-03
-1.933082e-02
-6.451815e-02
-3.661085e-02
1.774155e-01
3.451284e-02
6.878482e-02
3.372599e-03
-1.435395e-01
-1.489586e-01
-8.735900e-02
3.730680e-01
-8.975538e-02
4.574960e-02
-2.170238e-02
4.605354e-02
-2.761830e-01
4.940934e-03
2.113765e-01
-7.960040e-02
-3.906109e-02
1.422583e-01
-9.231524e-02
-4.763978e-02
-3.121611e-02
2.274086e-01
4.256276e-02
9.806212e-02
2.178570e-02
-5.457778e-02
-1.113914e-01
1.155367e-01
1.058945e-01
1.398412e-01
4.219673e-02
-6.336771e-02
-3.066270e-01
-3.230109e-01
-3.407665e-02
1.606352e-01
-2.156999e-01
1.136393e-01
-1.694021e-01
-9.530098e-02
-1.063499e-01
1.073126e-01
1.939084e-01
-1.873037e-01
1.715823e-01
1.248629e-01
3.962733e-02
3.620627e-03
-9.246545e-02
1.925033e-01
-3.309039e-02
-4.477167e-02
-5.259769e-02
2.164444e-02
-4.912617e-02
-2.185858e-02
1.517984e-01
-1.564171e-02
-2.381107e-02
-5.974825e-02
-2.157777e-02
-6.223593e-02
-3.557542e-02
2.291292e-01
1.502092e-01
-4.537310e-02
-3.476353e-02
-8.290287e-03
-1.036384e-01
-9.145047e-02
6.928203e-02
3.904635e-02
-1.264241e-01
1.223711e-03
7.134331e-02
-3.368416e-02
-9.466030e-02
8.260695e-03
-7.050903e-03
7.045090e-02
-3.866015e-02
2.965559e-02
-1.516888e-01
2.965035e-02
7.167085e-02
-1.106229e-02
5.402659e-02
-2.108339e-01
1.068647e-01
-1.386419e-01
2.501321e-02
1.596352e-02
-1.001603e-02
3.266997e-02
1.292817e-01
2.587345e-01
-1.429289e-01
-2.024052e-01
2.000406e-01
8.419395e-02
1.137680e-02
2.697259e-01
4.831785e-02
-6.039837e-02
4.053051e-02
1.864762e-01
2.499129e-01
-2.393141e-01
-1.772956e-01
-4.580473e-02
-2.862794e-01
9.667820e-02
4.897967e-02
-7.327719e-02
-7.338337e-02
-6.945525e-02
-5.828428e-02
2.298094e-02
-1.077537e-01
7.422462e-02
-9.846276e-03
-1.393836e-02
2.368421e-02
1.155618e-01
-1.630891e-01
-1.184390e-01
2.060871e-01
-1.046996e-02
1.684590e-01
-4.713545e-02
9.075983e-02
-1.091089e-01
1.449341e-02
2.178177e-01
-1.588117e-01
-4.344731e-02
-1.652529e-01
1.347876e-01
-1.428100e-01
-1.895853e-01
2.136110e-01
1.222563e-01
-8.507312e-02
-4.486924e-03
1.198532e-02
-2.358894e-01
-1.062173e-01
3.426485e-02
2.868313e-01
3.880962e-02
1.885731e-02
-4.573243e-02
1.047114e-01
-2.037565e-01
2.161560e-01
-1.533638e-02
-4.388270e-02
1.228025e-02
1.400275e-02
-1.416642e-01
-1.026589e-02
1.097718e-01
1.130184e-01
-2.604381e-02
5.562803e-02
4.650838e-02
-2.302122e-01
-4.233642e-02
2.167283e-01
-8.245972e-02
2.804374e-04
-3.444182e-02
9.837407e-02
-1.596173e-01
3.645511e-03
9.838319e-02
-1.028963e-02
-3.956041e-02
7.748551e-02
-9.037261e-03
-1.578462e-01
-1.060845e-01
1.531965e-01
1.042861e-02
-6.236322e-02
3.216195e-02
8.775355e-02
-2.108132e-01
-7.550367e-02
1.844210e-01
2.566261e-02
2.393792e-02
-1.393339e-01
2.372231e-01
-2.676080e-01
-4.986941e-02
2.201955e-01
-1.059238e-01
-1.619696e-01
6.984550e-02
-6.090640e-02
-8.971685e-02
-1.380738e-01
2.395059e-01
1.711288e-02
1.377265e-01
8.909544e-02
1.533146e-01
-1.346253e-01
-1.437576e-01
1.782624e-01
1.070125e-01
5.598898e-02
-2.374701e-02
-1.610440e-01
-5.857884e-02
-7.697398e-02
2.008105e-01
9.108875e-02
-1.642865e-01
7.486044e-02
-4.058339e-03
-6.439426e-02
3.430067e-02
5.098081e-02
4.802668e-02
6.286333e-03
-5.500649e-02
7.280038e-03
-1.543868e-01
-1.442479e-01
2.474696e-01
3.107240e-02
-4.533223e-03
-2.657562e-03
-2.611186e-02
-6.406521e-02
-1.644216e-01
2.540287e-01
5.382858e-02
7.944527e-02
-6.350682e-03
-5.224260e-02
-1.780909e-01
-2.344523e-01
4.010156e-01
-3.596069e-02
-6.523511e-03
4.968388e-02
-1.001667e-01
-1.888941e-01
-1.384823e-01
1.967884e-01
2.936313e-02
5.972219e-02
3.447411e-02
-1.337078e-02
-2.608569e-02
-1.449750e-01
4.073385e-02
-1.568226e-02
-9.047245e-02
1.049287e-01
-1.148648e-02
-8.237817e-02
-9.468053e-02
1.291895e-01
9.894527e-02
5.945211e-02
1.899843e-02
-9.272924e-02
2.158238e-02
-1.264239e-01
2.502969e-01
6.665325e-02
4.915334e-02
-2.056518e-02
1.547853e-01
-7.525416e-03
-5.706164e-02
1.281032e-01
-4.636272e-02
-1.366186e-01
9.737891e-02
-2.206086e-01
-1.112256e-01
-1.607672e-01
2.068733e-01
1.598315e-01
-1.133613e-01
5.021497e-02
-1.064312e-01
-3.105385e-02
-2.796759e-02
1.246576e-01
3.734164e-02
4.110560e-02
-2.019381e-02
8.746278e-02
-2.998082e-01
-1.370329e-01
2.329517e-01
8.144379e-02
1.980548e-02
7.670601e-02
3.904562e-02
-1.304838e-01
-1.173729e-01
1.364959e-01
7.020133e-02
-1.291840e-02
2.096390e-01
-1.202786e-01
-4.370020e-01
-1.254984e-01
5.358020e-01
2.478633e-02
-1.863089e-01
-1.088688e-01
1.009263e-01
6.033234e-02
-3.328239e-01
3.588137e-01
1.142066e-02
2.686341e-02
-5.329178e-02
-2.790366e-02
-2.110371e-01
-1.273656e-01
1.882463e-01
-7.279328e-05
-2.009584e-01
1.397921e-01
-1.099615e-02
-3.499361e-01
-2.934641e-01
3.042201e-01
-2.490877e-02
-2.688946e-02
2.102498e-01
-1.816341e-01
-2.913194e-01
1.170093e-01
2.530734e-01
-2.911527e-01
1.376509e-01
6.368464e-02
3.724991e-01
-3.436256e-01
-9.647196e-02
4.194981e-01
-1.476416e-01
2.567468e-01
2.151533e-01
-2.177407e-01
-1.707395e-01
-5.380935e-02
2.386240e-01
1.582875e-01
2.834892e-02
-3.364786e-02
-3.167657e-02
-1.308966e-01
-5.165442e-02
1.957777e-01
-1.013757e-01
2.768991e-02
2.218300e-01
-3.131322e-02
-1.258919e-01
-1.972338e-01
4.562493e-01
1.013595e-01
2.876847e-02
-2.563368e-03
-1.902463e-02
-2.269353e-01
-8.774539e-03
1.927712e-01
8.468320e-02
-6.224327e-02
-5.881032e-02
7.513632e-02
-1.227162e-01
-1.626133e-01
3.813602e-01
-2.491336e-04
-2.207332e-02
-1.073926e-01
-3.092855e-03
-3.068046e-01
-1.300082e-01
9.052572e-03
1.061359e-01
-5.164024e-02
-7.451950e-02
-1.505856e-01
-3.372023e-01
1.325325e-01
7.062527e-02
2.107588e-01
-1.710732e-01
1.374367e-01
-1.258668e-01
2.240055e-01
-1.579701e-01
6.007501e-02
-1.252537e-01
-3.287364e-03
7.708751e-02
-5.977478e-02
1.148435e-01
-1.588182e-01
1.541398e-03
2.818796e-02
1.265890e-01
-1.054093e-02
9.754050e-02
-1.903423e-01
-9.229412e-02
1.141185e-01
8.606803e-02
-1.128465e-01
1.852144e-01
3.955706e-02
-1.749032e-01
1.941905e-01
1.236335e-01
-6.273728e-03
-6.758683e-02
-6.518068e-02
-4.460437e-03
-4.633918e-02
-3.859396e-02
1.595808e-01
-1.004738e-01
1.942638e-02
1.095077e-01
-6.055852e-02
-8.761009e-02
-8.930673e-02
2.282111e-01
2.920984e-02
-4.813514e-02
6.465064e-02
-6.300299e-02
2.264372e-02
-1.339682e-01
1.327687e-01
-4.723335e-02
3.550438e-02
-1.799976e-02
2.083745e-02
-1.825085e-01
-2.302521e-02
1.742637e-01
2.618117e-04
2.530777e-02
-3.994935e-02
5.046726e-02
-1.239837e-01
-1.420603e-01
3.381739e-01
-7.381584e-02
3.864115e-02
-1.343127e-04
-1.350820e-02
-1.473681e-01
-2.309843e-02
5.297851e-02
4.328962e-02
-1.135584e-01
-1.714152e-02
-5.491405e-02
-2.381607e-02
-3.251913e-03
1.858386e-01
-1.024982e-01
6.688417e-02
-8.822412e-02
-1.365648e-02
5.460562e-02
-7.691601e-02
1.136649e-01
-3.036651e-02
-2.296608e-03
8.397787e-02
-9.368544e-02
-2.572145e-01
7.445672e-02
2.896961e-01
-1.792662e-01
1.358774e-01
1.459943e-01
-1.575812e-01
-1.926765e-01
2.257330e-01
4.591523e-02
4.755486e-02
1.546147e-01
-1.188463e-01
-2.047366e-02
-1.007206e-01
1.851082e-01
-4.691013e-01
3.206339e-01
1.356972e-01
-5.348702e-02
7.399640e-03
-1.031093e-01
-2.896523e-02
1.402307e-01
1.968730e-03
-3.772102e-03
4.983042e-02
-2.405747e-02
-1.942811e-01
1.770746e-02
-6.433690e-02
-4.880765e-02
1.294809e-01
7.649349e-02
3.091625e-02
-1.163762e-01
-4.348851e-02
1.384184e-03
1.324788e-01
-1.066933e-02
-6.075040e-02
1.386771e-02
-1.200237e-01
-1.265536e-01
3.938795e-01
6.696165e-03
-5.125517e-02
-4.821895e-02
-4.165984e-02
-5.155283e-02
-1.327614e-01
1.443358e-01
-3.890460e-02
9.094825e-02
-3.301223e-02
3.183817e-02
-1.120204e-01
-4.685360e-01
5.174015e-01
2.698763e-02
-1.170317e-02
-6.388087e-02
-8.068867e-02
-2.885094e-01
-8.343334e-02
3.069014e-01
9.074679e-02
-1.360097e-02
2.368391e-02
-1.525424e-01
-8.583793e-02
-2.174831e-01
4.855465e-01
-7.449394e-02
4.005182e-02
-4.852021e-02
2.321326e-02
7.105574e-02
-4.649744e-02
8.486730e-02
3.343453e-02
3.375155e-02
3.129181e-02
6.248285e-02
-1.378413e-01
-2.035773e-02
1.996596e-01
-5.047015e-02
8.830985e-02
-1.587267e-02
-6.683359e-02
-7.254463e-02
-1.498117e-01
1.793504e-01
2.726859e-02
1.009595e-02
1.782619e-03
-1.304329e-02
-1.647164e-01
7.379047e-02
4.734277e-02
1.594567e-01
-1.676160e-01
6.883073e-03
3.547663e-02
-1.344266e-01
-7.761120e-03
2.001058e-01
-4.493548e-02
-3.319911e-02
-6.460124e-02
-9.666541e-02
2.078047e-02
3.340504e-02
8.617524e-02
2.700153e-02
6.969720e-02
-7.896952e-02
-6.009402e-02
-6.297057e-02
-7.829889e-03
9.642152e-02
-4.553470e-03
-1.159369e-01
7.178384e-02
-4.839663e-02
-1.248205e-01
-1.676255e-01
2.286592e-01
-4.540296e-03
8.079457e-02
2.768395e-02
-4.594492e-02
-7.806412e-02
-2.045584e-01
1.333929e-01
-9.432436e-02
1.707283e-01
-3.461657e-03
7.665865e-02
-1.822761e-01
1.279357e-01
5.235840e-02
-7.174606e-03
4.259579e-02
6.412206e-03
3.946892e-03
-1.024153e-01
-6.222909e-02
2.404910e-01
1.467808e-01
1.313739e-01
2.367891e-02
-1.317957e-01
-1.490755e-01
-5.945091e-02
2.377092e-02
3.594225e-02
-1.242614e-01
1.098229e-01
-5.398983e-02
-2.139211e-01
-3.254182e-02
1.059299e-01
6.278590e-03
2.204394e-02
3.307091e-02
-7.207655e-04
-1.017337e-01
6.441908e-02
1.672671e-01
-1.511682e-02
4.413594e-03
1.239283e-02
4.076705e-03
-9.214564e-02
-9.792284e-02
1.257944e-01
7.406893e-03
2.011142e-02
-7.216425e-02
3.318787e-02
-8.009653e-02
-1.853865e-01
1.876447e-01
5.316909e-02
5.252465e-02
-1.210455e-01
1.389745e-01
-1.687957e-01
-1.695762e-01
2.555398e-01
1.215577e-01
-1.513938e-01
-2.475975e-02
1.279512e-01
-7.147660e-02
-1.967592e-01
2.637048e-01
7.891045e-02
5.386069e-02
-2.283865e-02
6.936058e-02
-4.268501e-02
-9.580045e-02
2.459375e-01
-9.382634e-02
-5.678803e-02
5.063109e-04
-9.754184e-02
-1.630685e-02
-5.413139e-02
1.281498e-01
-2.940216e-02
-3.702008e-02
5.818086e-02
-1.489169e-01
-1.561238e-01
1.250457e-01
4.815360e-02
-1.643910e-02
-2.351028e-01
1.734870e-01
-3.650704e-01
-6.898023e-02
-1.411227e-01
4.902253e-01
1.569197e-01
5.877306e-02
1.862566e-02
-6.562557e-02
-1.941231e-01
1.457182e-01
4.414403e-02
2.936147e-03
-3.604118e-02
1.319584e-01
-9.689946e-02
1.545777e-02
-5.475088e-02
1.088337e-01
-3.976142e-02
5.057500e-02
-1.109651e-02
-6.760442e-03
-8.095381e-02
1.000644e-01
2.483374e-02
-3.890665e-02
1.096448e-01
8.455818e-02
-7.708791e-02
-2.494595e-01
-7.573846e-03
1.954394e-01
-1.852698e-02
-6.714257e-03
-8.171263e-02
-3.097954e-02
4.080537e-03
-1.465628e-01
1.774473e-01
6.493466e-04
-8.432289e-02
8.357437e-02
-1.225341e-01
-1.739186e-01
1.663958e-01
4.172150e-02
-1.451203e-03
1.175880e-01
-1.356608e-01
-1.486642e-02
-3.042723e-02
1.517262e-01
-3.163552e-03
1.696766e-02
1.467049e-01
-2.840740e-01
1.850183e-01
-8.874263e-02
1.314098e-02
