1.309617e-03
3.752524e-02
1.179621e-02
1.368035e-03
-6.076708e-03
3.824274e-02
-2.309618e-02
4.007028e-02
4.295815e-02
-2.769273e-02
-2.052763e-02
-3.124733e-02
4.128868e-02
-1.386486e-02
1.126407e-02
1.650449e-02
2.229187e-02
6.153278e-03
-3.549522e-02
6.388357e-02
-3.292364e-02
2.668415e-02
6.825644e-03
-3.730378e-02
-4.333278e-02
7.680990e-03
3.897343e-02
1.539247e-04
1.007294e-02
1.358085e-03
-4.369133e-02
-4.695945e-02
-3.145480e-03
1.263144e-02
-9.743005e-03
9.106087e-03
-3.061048e-03
1.111604e-02
-3.873490e-02
-2.953562e-04
8.841090e-03
-2.338566e-02
5.359431e-03
8.736395e-03
1.677291e-02
-1.477392e-03
-3.988112e-03
3.846153e-02
-6.977919e-03
1.582415e-02
3.250654e-02
-2.944924e-02
-3.329077e-02
9.571263e-03
2.460216e-02
-3.583249e-02
-5.853680e-03
1.338233e-02
4.324757e-03
-8.630706e-03
-3.010047e-03
1.127877e-02
4.163642e-03
-1.846294e-03
-1.297795e-02
-1.109320e-02
-1.201360e-02
9.174649e-04
6.031682e-03
4.495316e-03
7.705003e-03
-2.977343e-02
2.141043e-03
-1.227301e-02
-4.536219e-03
1.234345e-02
-8.074356e-03
2.083079e-02
2.780264e-04
-1.152326e-02
-3.247749e-02
-2.639031e-03
1.516440e-02
-1.680277e-03
1.193394e-02
2.768712e-02
-5.550131e-03
-3.922833e-02
1.953801e-03
1.712535e-02
5.784430e-03
-9.462568e-03
2.434204e-02
5.325753e-02
6.022161e-02
-2.125220e-02
2.262147e-02
2.814048e-02
1.491613e-02
8.643907e-03
-2.275502e-02
-7.446458e-03
-2.522252e-03
1.121599e-02
-3.388641e-02
-2.472322e-02
1.647266e-02
-3.265958e-02
-6.079144e-02
-1.424594e-02
-6.809682e-02
6.401634e-02
6.042291e-02
-6.595319e-02
1.387322e-02
7.153146e-04
-2.420161e-02
4.392267e-02
2.905436e-02
-3.715496e-02
3.934679e-02
2.101964e-02
1.985027e-02
-3.141917e-03
2.323634e-02
5.904577e-03
-2.905458e-03
-7.276026e-03
1.285422e-02
-3.740442e-02
-6.444800e-03
2.884801e-02
6.124370e-03
-3.606962e-04
1.602238e-04
-2.289829e-02
-6.519343e-02
2.285248e-02
1.242284e-02
9.273198e-03
-1.827873e-02
-1.556426e-03
-2.476337e-02
-5.170291e-02
1.618710e-02
2.242942e-02
3.782155e-02
-5.203920e-03
-2.043528e-02
-3.459759e-02
-7.057863e-02
-5.289539e-02
1.309657e-01
3.609537e-02
4.387809e-02
1.264763e-02
-4.321685e-02
-8.990061e-02
-2.193278e-02
8.727296e-02
5.493183e-02
-4.190672e-02
-9.392729e-03
2.350216e-02
-5.247915e-02
8.923948e-03
2.777867e-02
5.368589e-02
-2.721842e-03
-4.578285e-02
-3.783359e-02
3.499083e-03
8.605910e-03
3.843401e-02
2.975499e-02
-1.054431e-02
-2.196966e-02
-2.556968e-02
-1.122106e-02
-8.276008e-03
2.100308e-02
7.938907e-02
-7.510378e-03
-2.903481e-02
1.279317e-02
-8.219235e-02
-4.187564e-02
1.139360e-01
4.106407e-02
4.058829e-02
-2.708326e-02
7.907337e-03
-4.330632e-02
-2.361531e-02
7.842232e-02
6.387473e-02
-1.364320e-01
-2.779061e-02
-8.418088e-03
-6.806977e-02
-1.241854e-02
1.153297e-01
-5.159862e-02
2.483742e-02
-1.280978e-03
-5.028778e-02
-5.481137e-02
-1.950880e-02
7.611913e-02
6.191743e-03
-1.040620e-02
7.462192e-02
5.882345e-02
7.632421e-03
-9.639596e-02
7.560015e-02
-6.090061e-02
-2.738476e-02
2.090804e-02
-3.508300e-02
-5.951810e-02
8.507783e-03
5.533221e-02
1.683045e-02
-1.165845e-02
-8.845419e-02
4.499730e-03
-1.769280e-02
-1.542541e-02
4.997331e-02
-8.218168e-03
2.379329e-02
2.130906e-02
-5.793211e-03
-1.891853e-02
-8.322167e-03
9.467225e-02
3.869402e-02
3.092311e-02
-1.871858e-03
6.770824e-04
-9.734998e-02
4.596913e-02
1.187607e-01
-1.427363e-01
4.674131e-02
-2.404916e-02
-6.520195e-03
-1.929672e-02
-4.895994e-02
1.446483e-01
-3.899087e-02
1.099835e-01
-2.576774e-02
-2.349779e-02
-9.056800e-02
-3.732376e-02
9.517155e-02
1.001697e-02
-6.119005e-02
3.057970e-02
4.330236e-02
-1.196740e-01
-7.556703e-02
1.201615e-01
1.345634e-02
3.801960e-02
2.580734e-03
-6.058199e-03
-1.042463e-01
-1.142083e-01
1.368659e-01
-5.545187e-02
-5.588697e-02
3.823002e-02
3.820176e-01
-2.812182e-01
-1.193805e-01
3.194502e-01
-1.103149e-01
-7.806247e-02
1.091366e-01
-1.510826e-01
-2.494237e-01
-1.619533e-01
3.008950e-01
-7.858438e-03
1.112441e-01
6.461797e-03
3.888928e-02
-1.757496e-01
-2.396958e-02
2.383225e-01
3.815390e-02
-1.081186e-01
-1.164151e-01
-4.692637e-03
-8.774452e-02
-1.103651e-01
2.501918e-01
6.617941e-03
-6.281881e-03
-4.857362e-02
-8.606094e-02
-1.447571e-02
-1.017047e-01
2.501897e-01
6.563241e-02
1.014361e-01
-1.882671e-02
6.405800e-04
6.063646e-03
-4.437780e-02
9.495407e-02
-6.957584e-03
-2.349877e-03
7.351998e-03
-1.254032e-02
-4.326089e-02
7.087579e-03
2.715914e-02
1.974160e-03
-1.179293e-04
-2.367564e-03
-9.048257e-04
1.557679e-03
-1.980276e-02
2.338827e-02
3.078804e-02
-3.009703e-02
-1.892517e-02
-2.348686e-02
-1.632848e-02
3.714565e-03
1.921357e-02
-1.357811e-02
1.805781e-02
6.279508e-03
-2.550906e-02
-3.634273e-02
-1.869294e-02
1.872600e-02
-2.414925e-02
1.121511e-02
1.752458e-02
3.120613e-02
-1.007351e-01
1.405950e-03
3.853435e-02
-3.691042e-02
-1.078608e-02
-1.557734e-03
3.271700e-03
-2.812295e-02
-6.466031e-03
1.854474e-02
-4.956881e-02
-7.700301e-02
7.125937e-03
2.946300e-02
3.546381e-02
9.522025e-03
3.649872e-02
4.182371e-02
-6.889053e-02
1.103191e-02
-8.350255e-04
2.443944e-02
-5.772749e-03
1.957505e-02
9.817877e-02
-1.362608e-02
2.145697e-02
3.343843e-03
-3.882258e-02
7.634223e-03
6.096326e-02
3.224512e-02
-6.095296e-02
-8.854290e-03
-2.295270e-03
-3.806925e-02
2.305112e-03
4.636681e-02
-1.028347e-02
1.408629e-02
-2.013794e-03
2.547753e-03
-4.677624e-02
-8.725252e-03
7.159823e-02
-2.280262e-02
-4.370929e-02
-1.324275e-02
-4.022953e-02
-3.690266e-02
2.261473e-03
4.209291e-02
-5.598570e-02
6.682156e-02
1.418449e-02
-4.752090e-02
-4.219953e-02
-1.043941e-03
4.275315e-02
-4.187151e-02
7.837455e-03
1.192518e-02
-8.316909e-03
-5.831355e-03
2.607778e-03
2.838126e-02
2.061313e-02
3.969908e-02
-7.549602e-03
1.229639e-02
-1.428164e-02
2.184415e-03
2.064738e-02
-5.468576e-02
2.801943e-03
2.961437e-02
-6.633939e-03
-3.384424e-02
-2.271948e-03
4.593937e-02
6.150383e-02
8.595499e-02
-1.172755e-03
-1.225731e-01
-2.083124e-02
-4.970167e-04
4.827534e-02
-2.851790e-02
4.185080e-02
2.769429e-03
-3.974366e-02
-5.160797e-03
2.641166e-03
2.219107e-02
-9.042091e-02
1.262587e-02
-1.470196e-02
2.543927e-02
-1.635684e-02
1.747748e-02
7.803178e-02
-2.632308e-02
-1.302265e-02
-7.905162e-03
-2.206294e-02
-2.091817e-02
-2.995186e-02
3.082667e-02
-3.482550e-02
1.016734e-01
1.187589e-02
-3.144921e-02
-5.579547e-02
7.592304e-03
4.156869e-02
3.214904e-02
2.660299e-02
-3.729339e-02
-4.615945e-02
-2.088037e-02
6.831395e-03
1.926324e-02
3.519008e-02
-4.167594e-03
6.258284e-03
4.676395e-02
-4.260200e-02
1.241663e-03
3.834952e-02
1.410011e-02
1.444285e-03
-3.427840e-02
-3.439392e-02
-7.611659e-03
2.457717e-03
6.472183e-02
3.547588e-02
-6.351361e-03
-8.461995e-03
-8.453921e-02
-5.183553e-02
-6.417901e-03
1.005033e-01
-1.036642e-02
-7.957856e-03
1.333840e-02
-4.614126e-02
-1.019474e-02
-1.250400e-03
5.120192e-02
3.356153e-02
-3.744894e-02
-4.702185e-02
1.296753e-02
-5.410602e-02
1.618231e-03
4.442729e-02
8.234219e-03
-3.635211e-02
-1.913030e-02
-1.460355e-01
4.961657e-03
-2.754759e-03
6.938809e-02
1.949774e-01
-7.667411e-02
-1.985297e-02
3.481842e-04
-3.961631e-02
-2.252164e-02
-1.137574e-01
-7.678712e-02
8.824858e-02
1.320873e-01
5.005064e-04
-3.888011e-03
-3.053190e-03
2.595985e-02
8.622666e-02
-3.626409e-02
-4.332072e-02
-6.817315e-03
-3.160000e-02
-2.324112e-03
9.132180e-02
1.359062e-01
-1.748907e-02
5.167323e-03
-7.171961e-02
-9.261613e-02
-1.360856e-02
8.984833e-02
-1.084303e-02
6.668619e-02
5.746652e-02
-9.351229e-02
-1.592283e-01
1.728309e-03
1.248836e-01
4.751525e-02
1.153865e-01
-8.628455e-02
-5.401612e-02
-7.015020e-02
-2.492595e-02
8.967779e-02
-1.755222e-02
5.642650e-02
7.054102e-03
-3.276418e-02
-1.722980e-01
-2.444060e-02
1.145279e-01
3.341550e-02
-2.055129e-02
4.922818e-02
-6.085595e-02
-7.535446e-02
-9.254464e-03
5.246034e-02
-1.460623e-02
2.004580e-04
-1.390597e-02
3.213981e-02
-8.922826e-02
-2.082745e-02
8.299690e-02
8.711728e-04
1.113417e-02
-3.168842e-03
-3.358006e-02
-1.171333e-01
-3.601488e-02
1.589113e-01
1.510022e-01
8.621969e-02
-6.650669e-02
5.106060e-02
-1.289226e-01
-1.960851e-02
6.774243e-02
-1.852607e-03
-4.721399e-02
-1.388899e-02
-5.893425e-03
-1.323438e-01
-2.144742e-02
1.018584e-01
6.316288e-02
5.410931e-02
-6.184917e-02
-6.780215e-02
-1.514121e-01
-2.477367e-02
7.755077e-02
1.210437e-01
8.709089e-02
5.802253e-02
-3.378232e-02
4.291888e-02
-9.146027e-02
7.749495e-02
1.045367e-01
-4.634221e-03
8.885150e-03
1.552228e-02
-4.175833e-02
-3.963973e-02
7.255614e-02
-2.813341e-02
-7.847002e-02
6.799132e-03
-3.543948e-02
-1.033971e-01
-1.265501e-02
1.239795e-02
3.839544e-02
-9.127430e-03
3.727295e-02
-3.014711e-02
-6.412997e-02
-1.805512e-02
4.495669e-02
3.757459e-02
8.370965e-03
7.088386e-03
-3.488501e-02
-1.194408e-01
-1.264717e-02
9.725968e-02
8.540082e-02
2.588521e-02
-7.117956e-02
1.923761e-02
-1.220148e-01
-3.416161e-03
7.809539e-02
4.647208e-02
-1.240599e-02
8.581639e-03
-2.125595e-02
-6.088761e-02
-1.949582e-02
9.343845e-02
8.699904e-02
-3.624835e-02
1.124760e-02
7.397022e-03
-5.321315e-02
-4.625968e-03
7.652779e-02
4.123299e-02
-7.378731e-03
-1.409695e-02
1.265523e-02
-6.019986e-02
-9.839847e-03
6.993981e-02
-3.418757e-02
-3.110542e-02
-3.019282e-02
-1.796025e-02
-3.597489e-02
-1.421603e-02
4.022557e-02
-3.293715e-04
-7.522732e-03
-6.873814e-03
1.028418e-03
-3.605373e-02
-1.631643e-03
2.192044e-02
1.581830e-03
1.747879e-02
1.252060e-02
-1.318863e-02
-4.992819e-04
3.715203e-03
-9.661407e-03
-9.300206e-04
-2.722394e-02
-7.254635e-03
-1.065210e-02
9.428332e-02
-7.906072e-03
-9.947025e-02
3.663430e-02
-8.394444e-03
1.005185e-02
-8.648475e-03
-2.052190e-03
-6.072431e-03
4.778927e-02
3.846379e-02
3.001550e-02
-1.750674e-02
-1.488546e-02
-7.859643e-02
-1.453189e-02
5.025548e-02
-5.095890e-02
1.434551e-02
2.217956e-02
3.123417e-02
-1.619692e-02
-8.895436e-03
5.590782e-02
3.009023e-02
-1.657661e-02
-5.905706e-03
-6.343960e-02
-2.574245e-02
-9.895757e-03
1.271324e-02
4.233250e-02
4.370813e-02
-7.837599e-02
-3.256718e-02
-6.048594e-03
2.980617e-02
4.497744e-02
8.077083e-02
-3.905907e-02
-5.812329e-02
-4.345445e-02
-9.952550e-03
-7.011349e-03
2.666652e-02
1.028210e-01
-7.998643e-02
6.131473e-02
7.288508e-02
-7.611960e-02
-8.998625e-03
1.810310e-01
1.632220e-01
3.750510e-02
-2.236898e-01
-8.767237e-03
-1.163183e-01
-1.768194e-02
1.330825e-01
-7.605100e-02
1.629623e-02
-2.168750e-02
-8.235415e-02
-2.927533e-02
1.106314e-03
1.055356e-01
-9.147240e-03
-2.791022e-02
-2.410943e-02
-2.407616e-02
-3.130467e-02
-6.119085e-03
9.530026e-02
-5.531296e-02
4.070785e-02
-6.209632e-02
-3.273908e-02
8.740279e-03
3.970988e-05
4.970053e-02
4.977283e-02
7.632632e-05
4.752049e-02
-4.249018e-02
-2.168238e-02
1.441162e-04
1.275232e-01
-1.286376e-01
-4.764867e-02
3.640991e-03
-5.919445e-03
-5.122581e-02
-1.411002e-03
2.669839e-02
-4.583446e-02
5.077254e-03
-7.444347e-03
1.967745e-04
-2.835115e-02
4.971197e-04
1.915189e-02
3.471800e-02
-1.771363e-02
-1.490908e-02
1.155227e-02
1.812177e-02
1.559234e-03
1.266404e-02
2.269429e-02
1.110100e-02
2.244448e-02
1.051456e-02
9.292785e-03
-8.609714e-04
2.323206e-02
-1.104305e-02
-4.145274e-02
1.340215e-02
1.588412e-02
-2.932123e-02
-5.020473e-03
2.416570e-03
3.191040e-02
8.075340e-03
-3.250539e-04
-1.031822e-02
-5.594368e-03
-6.414455e-03
5.295379e-03
-3.569154e-02
-6.603409e-03
3.259126e-03
5.342025e-03
-4.920858e-02
-1.357139e-02
-6.151926e-03
9.586083e-02
4.487937e-02
2.162542e-03
-4.531695e-02
-2.900716e-02
-7.455295e-03
2.293027e-02
9.834247e-02
-3.772916e-03
-8.547176e-03
-6.256008e-03
-2.318800e-02
-1.824197e-02
2.316000e-02
2.436176e-02
-2.256368e-02
-2.223146e-02
-6.389024e-04
-1.251792e-01
-2.385442e-02
8.971298e-02
6.126333e-02
-2.158807e-02
-7.095740e-03
1.462863e-02
-4.706926e-03
-2.066872e-02
5.653512e-02
5.055687e-02
-3.102368e-02
-1.892815e-03
1.749260e-02
-6.416017e-02
-6.128497e-03
1.821147e-02
5.581928e-02
2.145114e-03
2.212096e-02
-4.327901e-02
-2.438797e-02
-1.046820e-02
4.791409e-02
1.082764e-02
-3.523600e-02
-1.198353e-01
4.000374e-02
-4.617577e-02
-1.677812e-02
6.535780e-02
1.786002e-02
3.593172e-02
2.561258e-02
-4.930754e-02
-7.043260e-02
-1.036747e-02
3.765409e-02
-3.482871e-02
-2.009405e-02
4.373719e-03
7.488690e-03
-2.198682e-02
-6.715716e-03
3.069686e-02
1.259410e-02
4.912656e-02
-1.018608e-02
-1.239484e-02
-5.194682e-02
-3.822768e-03
1.519111e-02
6.211661e-02
-2.043237e-02
1.953067e-03
-9.507571e-03
-2.046101e-02
-5.959843e-03
6.222307e-02
2.053542e-02
1.012384e-02
2.634133e-02
-6.329326e-03
-3.375765e-02
-1.356718e-02
3.263412e-02
1.105038e-02
4.182882e-02
5.296067e-02
5.132629e-03
-5.588325e-02
-6.996651e-03
2.265734e-02
2.627779e-02
-6.362958e-02
-3.204898e-02
-3.546912e-02
4.688392e-02
-1.862808e-02
4.568919e-02
-1.300501e-02
-1.583561e-02
-2.440479e-02
-2.765466e-02
-1.414908e-02
-7.300322e-03
2.447665e-02
3.129457e-02
-3.607131e-02
2.174925e-02
-8.680678e-03
-5.997450e-02
-1.123186e-02
3.045824e-02
4.018800e-02
1.132736e-02
3.117865e-02
2.210704e-02
-7.484693e-02
-1.974003e-02
2.472235e-02
5.651760e-02
-7.981136e-03
-1.285648e-02
-2.137908e-02
8.086959e-03
-1.210259e-02
2.257936e-03
-1.568316e-02
3.098811e-02
1.459398e-02
2.375927e-03
-4.504265e-02
-1.384177e-02
-2.886366e-03
5.723880e-02
-1.900776e-02
-3.564607e-02
-1.242290e-01
-1.398277e-02
-1.594494e-02
1.166977e-02
2.041334e-02
5.244509e-02
1.150042e-02
-1.217372e-02
-1.258618e-02
-1.448895e-02
1.797435e-02
4.304646e-02
-1.099019e-02
2.746618e-02
-8.826720e-03
-2.784629e-02
-2.355044e-02
2.100928e-02
5.349996e-03
-4.179886e-03
1.985281e-02
1.385855e-02
-1.275209e-02
-2.051975e-02
1.468398e-02
6.683748e-02
5.574356e-02
8.194693e-02
-1.361915e-01
-4.149066e-02
-1.148962e-02
1.414196e-02
1.152879e-01
-8.875790e-04
-4.409063e-02
-2.649571e-02
-3.661915e-02
-1.432857e-02
2.555771e-02
8.915060e-02
5.502411e-02
5.369152e-03
8.877852e-02
-4.396424e-02
-5.704909e-02
8.923264e-02
9.929729e-03
1.596582e-01
5.998418e-02
-1.898003e-01
-1.991144e-01
-2.718423e-02
1.125194e-01
-4.796853e-02
-1.580528e-02
5.764708e-02
7.652029e-02
-7.608932e-02
-1.294304e-02
3.286414e-02
2.029451e-02
-6.960847e-02
4.396484e-03
-3.873334e-02
-3.703264e-02
-6.255656e-03
2.470917e-02
1.722355e-02
-1.572100e-02
-2.796198e-02
-1.080576e-01
-1.697942e-01
-1.291922e-02
-3.614114e-02
1.622753e-02
3.295670e-02
1.033440e-01
-2.420454e-02
-5.436229e-02
-6.265411e-03
8.599552e-03
9.319149e-02
-5.168645e-02
-1.081165e-01
7.039566e-02
1.307239e-02
-4.295545e-03
1.487669e-02
5.833424e-02
1.169881e-01
9.080753e-02
-6.268951e-02
-7.273035e-02
-6.207230e-03
1.325588e-02
-3.603164e-02
8.509228e-02
1.731315e-02
6.076834e-03
-5.921088e-02
-4.426739e-03
3.352624e-02
3.569456e-02
4.225823e-02
-2.438901e-02
-3.121462e-02
-2.989736e-02
-1.181779e-02
3.997379e-02
-2.794519e-02
4.662340e-02
5.862705e-02
7.315171e-03
8.477718e-03
7.343923e-03
9.596697e-03
1.030919e-01
4.676740e-02
4.554727e-02
4.497322e-02
-4.610239e-03
4.946572e-03
1.694938e-02
1.071190e-01
1.722124e-01
-2.538234e-02
-2.585100e-01
-3.104355e-01
-6.796131e-02
-2.616167e-02
-8.307275e-03
4.804046e-02
-3.110767e-02
-1.574701e-01
-1.536876e-01
-4.583120e-02
1.224133e-01
1.345101e-02
2.342711e-01
-8.465229e-03
4.928522e-02
-4.458853e-02
-1.501446e-03
2.130024e-02
-1.003234e-02
-4.049606e-02
-7.103270e-03
7.312301e-03
3.171176e-02
-6.439978e-03
4.959887e-02
-1.064443e-01
-2.208550e-02
-3.776722e-02
6.814831e-04
2.493387e-02
2.331825e-03
4.635227e-02
1.466726e-01
-5.488102e-04
-3.175598e-02
-9.529952e-04
-2.472587e-02
-4.448136e-03
3.020030e-02
-8.019354e-02
-1.193728e-01
2.312773e-02
1.068689e-02
3.115942e-02
-8.244076e-03
2.946044e-03
-4.100221e-02
1.898296e-02
-4.187319e-02
-3.452649e-02
-9.954103e-03
-4.297163e-03
1.638584e-02
6.908381e-02
-1.039047e-01
-6.499510e-02
2.509114e-02
-2.531696e-02
-8.025475e-04
1.007797e-02
2.703018e-03
6.641916e-02
9.130902e-02
3.411013e-01
-2.716576e-01
-7.156471e-03
7.797825e-02
1.718844e-02
9.204091e-02
3.450622e-01
-1.073903e-02
9.032514e-02
-1.482880e-02
6.642821e-02
2.092289e-01
-1.373631e-01
-2.746604e-01
-1.933761e-01
-7.375916e-02
-1.015512e-02
3.809374e-03
-6.801739e-02
8.241725e-04
-1.157618e-01
-4.531283e-03
-7.065075e-02
-1.873908e-03
4.054610e-02
-4.490123e-02
-1.739522e-02
1.091792e-01
5.100774e-02
-1.290002e-01
-2.183108e-02
2.480861e-02
1.998116e-02
8.679672e-02
7.480564e-02
2.903425e-02
-1.677009e-03
2.951253e-03
4.447947e-03
-6.231810e-02
-1.539397e-02
-1.936302e-02
-4.130334e-02
1.052459e-02
8.380895e-03
3.897255e-02
-9.287686e-03
1.123380e-02
1.818752e-02
-6.908923e-02
-8.500685e-02
-1.795146e-02
4.096718e-03
3.898644e-02
7.824375e-02
2.711737e-02
8.731297e-03
-3.182955e-02
9.441578e-03
-4.998156e-03
4.828727e-02
-3.060840e-02
1.208729e-01
-5.989586e-02
-4.337611e-02
-2.288200e-02
3.620851e-02
2.112877e-02
1.801670e-02
4.385550e-02
-1.335680e-02
-8.304184e-02
2.323455e-04
3.413287e-02
-3.852059e-02
-3.597732e-02
3.357703e-02
7.261868e-02
-7.799417e-02
-3.233475e-04
1.748486e-02
2.066207e-02
-2.568551e-03
1.655910e-02
-2.242893e-02
-1.003272e-01
-1.731214e-02
1.139332e-02
-4.079327e-02
8.102710e-03
4.803146e-04
-1.039239e-02
-8.263445e-03
-8.302571e-03
7.183087e-03
5.638931e-02
4.172177e-03
-1.153531e-01
5.690718e-04
-6.262088e-02
-1.727180e-02
5.392223e-02
-2.472118e-02
-3.466993e-02
-1.903050e-02
6.352647e-02
-5.624653e-02
-1.397465e-02
1.965837e-03
8.633891e-03
1.068688e-01
1.562276e-01
1.833652e-01
-1.257135e-01
-2.037426e-02
2.973912e-03
2.172649e-02
-2.560119e-03
2.112144e-02
3.821701e-02
-4.888758e-02
-1.517472e-02
2.759213e-02
-1.194712e-02
-2.044359e-02
4.775227e-02
5.930481e-02
-5.128263e-02
-1.281567e-02
-9.418240e-03
1.233696e-01
2.471661e-02
-5.481802e-02
5.923200e-02
-6.132709e-02
-2.814332e-02
-1.042389e-02
-2.484089e-02
-5.421884e-03
3.365528e-02
-4.464574e-02
-1.101367e-01
-2.493347e-02
1.900048e-03
-1.598512e-02
-1.178352e-02
-2.271238e-02
-6.978358e-02
4.421195e-02
-1.059488e-02
-1.366446e-03
3.130794e-02
1.379390e-01
4.506906e-02
-4.008146e-02
-8.699774e-02
-2.570410e-02
7.328621e-03
2.513339e-02
1.254294e-02
-1.856301e-02
-3.446893e-02
-2.185761e-02
-1.427407e-02
-2.121925e-03
-1.621917e-02
-3.345834e-02
5.226855e-02
2.942264e-02
-4.133320e-02
-7.838909e-03
-2.649804e-03
4.917598e-02
9.925468e-02
-1.463503e-02
6.200223e-03
2.529607e-02
4.619477e-03
2.033602e-02
1.498694e-01
-3.696307e-02
6.556847e-02
8.827438e-02
-1.589654e-02
-5.880714e-02
3.106873e-02
-3.682804e-02
-5.800833e-02
-2.040400e-02
-7.707821e-02
-1.735842e-01
3.109183e-02
3.928770e-02
1.679984e-01
-4.108768e-02
7.118571e-03
-5.845061e-02
-3.188874e-02
1.109163e-02
5.571003e-02
-1.840099e-02
3.471142e-02
1.198611e-01
1.006269e-02
-2.036177e-01
2.051989e-02
6.011184e-02
-1.023574e-02
5.451457e-02
1.032153e-01
-3.080439e-02
-5.313555e-02
2.009336e-02
5.038917e-02
-5.315638e-02
-1.091584e-01
1.868368e-01
5.446594e-02
-1.642855e-01
4.599859e-02
1.658683e-01
-1.179949e-01
-2.264426e-01
-8.231510e-02
2.962100e-01
-1.378791e-01
-6.296343e-03
6.247715e-02
-3.761700e-02
2.810758e-02
1.245770e-02
-9.199800e-02
-3.757934e-01
-5.467458e-03
1.054832e-01
-5.735161e-02
-8.388193e-03
1.274843e-01
-9.492073e-02
-4.652963e-01
-7.674947e-02
1.266524e-01
-2.311939e-01
1.943868e-01
2.655410e-01
-3.169196e-01
-4.730201e-01
-1.456924e-02
4.608135e-01
3.823564e-02
-3.425865e-01
6.378742e-01
4.038977e-01
-3.210192e-01
-1.850418e-02
1.471911e-01
2.989588e-02
3.252372e-01
4.873734e-02
-1.501913e-01
-2.245075e-01
4.872578e-03
1.393322e-01
3.144501e-01
8.739577e-02
-1.432511e-01
-3.819684e-02
-2.749653e-02
-5.633962e-03
1.025715e-01
1.723572e-02
3.249407e-02
6.859232e-02
-3.338529e-02
-6.209183e-02
-7.243966e-03
8.141875e-02
-1.455642e-02
6.328267e-02
8.350263e-02
-5.443511e-03
-1.191163e-01
-6.991071e-03
5.314552e-02
-3.361773e-03
1.555656e-03
3.774363e-02
-2.867452e-02
-5.201097e-02
7.806240e-03
5.735747e-02
-4.264861e-02
1.228552e-02
-5.765917e-02
3.667892e-03
-1.641092e-01
-2.599116e-03
4.420738e-02
-1.167194e-01
-1.815238e-02
-9.466120e-02
-8.766037e-02
-9.278140e-02
-1.019121e-02
1.907886e-02
4.342466e-02
-2.127369e-02
-4.005306e-02
3.637450e-02
-7.791892e-02
-2.117865e-03
5.572785e-02
-6.721144e-03
1.366937e-02
-5.838289e-02
-2.040802e-02
2.823607e-02
2.377252e-02
8.035325e-02
5.358308e-02
-1.210052e-03
-3.801822e-02
2.936961e-02
-4.764337e-02
1.177936e-02
3.128870e-02
-1.137594e-01
8.390185e-02
6.982844e-02
8.831353e-03
5.433214e-02
2.591465e-02
4.741530e-02
1.272023e-02
-7.911625e-02
-3.522379e-02
5.459881e-03
1.391561e-02
8.544797e-03
-8.555099e-03
2.005334e-03
2.949804e-02
2.348733e-02
-4.375476e-02
6.973593e-03
8.989151e-03
7.817562e-02
1.920996e-03
-2.553228e-02
-2.425950e-02
-5.941828e-03
-1.597267e-02
4.178289e-03
2.010613e-02
-2.835159e-02
1.471839e-02
2.794371e-02
-2.137111e-02
-7.904763e-02
5.394796e-03
2.466148e-02
7.873940e-03
-2.692422e-02
1.182701e-02
-2.367857e-03
5.863428e-03
1.105719e-02
6.639117e-02
-3.883964e-02
-1.844910e-02
1.425521e-02
-1.106353e-02
-8.023724e-02
-5.966509e-04
3.811921e-02
-8.326683e-02
2.511139e-02
-4.550072e-02
-5.316630e-02
1.536889e-01
1.900276e-03
5.757245e-02
1.340517e-02
-7.301151e-02
-3.466138e-02
1.898894e-02
-2.767118e-02
-4.728867e-03
1.399956e-02
-3.537348e-02
2.700497e-02
5.009731e-03
2.262623e-02
-5.389373e-02
-4.064825e-03
2.737198e-02
5.826707e-02
2.080206e-02
-1.595227e-02
-4.262931e-02
3.686908e-02
3.974041e-03
7.524638e-02
8.327891e-02
-8.838556e-03
4.878293e-03
-6.535809e-02
-7.232789e-02
-2.028920e-03
2.009191e-02
5.127638e-02
5.806807e-02
3.072491e-03
-3.452995e-02
-6.012596e-02
7.531749e-03
5.543851e-02
2.143139e-02
1.305609e-02
-2.027544e-02
-3.637704e-03
-6.440400e-02
-2.108109e-03
1.983008e-02
-1.004363e-01
1.007772e-01
-6.019738e-03
-2.604477e-02
-2.359811e-02
-3.101758e-02
3.353509e-02
1.149334e-01
-5.027105e-03
-5.094670e-02
-2.509560e-02
-8.967953e-02
1.607186e-02
1.282273e-01
2.760491e-02
-1.600840e-02
-3.531073e-02
-1.816711e-02
-1.261025e-01
-7.733388e-03
9.770423e-02
-1.981414e-02
-1.171532e-02
4.258193e-02
-7.659244e-02
-8.709381e-02
1.038266e-03
1.204309e-01
-4.167650e-02
-4.862508e-03
-2.876728e-02
-1.213584e-01
-1.402715e-01
-4.820977e-03
1.429647e-01
9.878543e-02
-4.593433e-02
-5.213945e-02
-1.224463e-01
-2.150466e-02
4.305436e-03
4.675749e-02
1.831672e-01
-2.776351e-02
-2.926033e-03
3.092360e-02
2.944124e-02
2.753924e-02
7.293008e-02
-2.839614e-02
5.094271e-02
1.524869e-01
1.085414e-01
-2.159550e-01
-8.401206e-04
5.056995e-02
2.199034e-02
1.377325e-01
-3.063480e-03
-1.318813e-01
-1.215177e-01
1.263181e-02
4.900708e-02
5.066901e-02
3.876547e-03
3.661372e-02
-4.461719e-02
8.411918e-03
-5.744431e-03
5.923357e-02
-3.385188e-02
-1.462037e-02
1.002656e-02
-6.135890e-02
-7.198690e-02
-4.241713e-03
1.057249e-01
-3.331983e-02
-5.212535e-02
-6.407758e-02
-8.364096e-02
-8.829240e-02
-3.194451e-03
1.043665e-01
-1.218481e-02
1.775454e-02
1.543930e-02
2.136346e-02
-3.326020e-02
-1.197448e-02
9.184880e-02
2.774744e-02
1.636043e-02
-6.469640e-02
-7.889531e-02
-1.242739e-01
-2.834335e-03
2.983170e-02
7.633172e-02
4.417501e-02
1.109423e-02
6.589434e-02
-1.287073e-01
-3.171514e-03
7.538315e-03
1.909425e-03
-5.752660e-03
2.315667e-01
-5.103516e-02
-1.623297e-01
-1.073861e-02
1.048769e-02
-3.548487e-02
1.708102e-01
2.341233e-02
-2.465356e-02
-1.336586e-01
4.875859e-02
1.524735e-01
7.949760e-02
1.004609e-01
-6.596818e-02
-1.814461e-01
9.683580e-02
-5.897151e-02
8.912444e-02
4.011183e-02
-2.903746e-02
-8.774894e-02
-1.097387e-01
-9.355819e-02
-1.185106e-02
6.417736e-02
-1.230286e-02
5.400145e-02
1.280033e-02
-1.193534e-02
-2.422777e-02
-8.667955e-03
9.310702e-02
8.279155e-02
-2.992989e-02
-9.543297e-03
-3.297899e-02
-7.005130e-02
-1.473916e-02
5.433764e-02
-2.972368e-02
8.893870e-03
3.550658e-02
-2.917175e-03
-2.237467e-02
-1.258175e-02
4.546579e-02
6.402630e-02
-6.308027e-02
-4.503023e-02
2.950659e-02
-2.080587e-01
1.511285e-02
1.290369e-01
-6.628716e-02
-9.952223e-02
4.857174e-02
-1.018585e-01
-1.175336e-01
1.573303e-03
1.696377e-01
2.142445e-01
9.729070e-02
3.946851e-02
1.511436e-02
3.479082e-02
-8.675726e-03
6.118520e-02
-8.445430e-02
-6.374967e-02
1.425451e-02
-6.289606e-02
1.753665e-02
-2.586212e-03
6.024349e-02
3.493837e-03
4.382330e-03
1.676326e-03
-1.702370e-02
-5.078575e-02
2.114868e-03
4.801192e-02
-2.074652e-02
-1.922515e-01
-5.833870e-02
6.049570e-02
-1.620717e-02
-2.070076e-03
1.029046e-01
6.679603e-03
3.934121e-02
-5.919235e-04
-2.552660e-02
-7.825753e-02
3.767726e-03
8.926064e-02
3.596932e-03
2.081311e-02
2.562461e-02
-2.958662e-02
-3.314656e-02
2.016381e-03
2.863352e-02
2.559554e-02
7.590225e-03
2.085122e-03
1.195755e-02
7.537763e-03
4.894060e-03
6.304448e-02
-5.258509e-02
-2.085185e-02
-2.258468e-02
-2.094084e-02
5.870593e-03
4.306686e-03
7.302077e-02
-2.675579e-02
-5.093121e-02
-1.898212e-02
-5.775260e-02
5.483258e-03
1.359305e-02
4.405882e-02
-3.809835e-02
-2.520929e-02
1.473589e-02
-4.285233e-02
-1.045604e-01
1.576607e-02
6.232794e-02
9.074423e-02
-3.317947e-02
9.666929e-03
-3.745975e-02
-2.696299e-02
-1.362833e-03
8.011896e-03
8.819564e-03
4.097308e-02
4.697183e-02
-7.168555e-02
-1.376539e-03
3.633685e-03
